NOTE: for each set of 50 datapoints, they correspond to the 50 images, in alphabetical order. They are arranged as such for the sake of consistency.


=== EMBEDDING ===
- OPENSTEGO - 
174
162
171
170
151
179
166
155
157
159
160
170
173
167
159
163
160
166
261
151
159
168
161
163
178
164
166
166
170
150
175
163
180
156
169
168
175
162
150
164
162
164
165
168
168
158
177
172
188
163

- STEGHIDE -
16
21
15
16
6
9
13
8
15
8
9
12
18
30
8
9
10
26
19
9
13
8
9
10
19
7
15
14
31
7
11
32
21
29
15
17
12
11
7
11
12
8
17
19
16
14
12
19
20
13

=== VERIFICATION ===
 - OPENSTEGO -
52
69
45
63
46
53
51
66
47
45
47
58
59
49
46
45
51
47
47
54
44
45
51
52
50
50
47
62
50
49
50
51
50
51
51
44
62
48
45
46
44
57
49
45
50
45
45
48
47
48

 - STEGHIDE -
14
16
11
10
7
7
11
5
11
6
5
11
9
18
7
7
12
17
13
5
10
5
4
9
13
8
12
9
25
4
5
16
12
21
11
14
8
7
5
11
9
5
13
13
12
10
8
8
18
10

=== EXTRACTION ===
 - STEGCRACKER -
1655
1668
1673
1684
1646
1680
1670
1680
1668
1680
1655
1682
1679
1663
1684
1685
1654
1673
1672
1657
1667
1683
1658
1669
1665
1656
1674
1654
1675
1662
1677
1662
1658
1659
1679
1667
1657
1671
1663
1662
1687
1677
1674
1657
1660
1679
1669
1680
1648
1671

 - STEGSEEK -
49
57
49
46
46
46
48
46
49
48
45
47
49
55
47
46
47
53
48
46
47
45
45
46
52
47
48
48
63
45
46
57
49
63
48
53
47
46
46
48
48
46
50
51
49
49
48
47
53
50