NOTE: for each set of 50 datapoints, they correspond to the 50 images, in alphabetical order. They are arranged as such for the sake of consistency.


=== EMBEDDING ===
- OPENSTEGO - 
162
187
147
153
153
195
155
185
165
176
157
163
243
157
164
157
178
177
165
167
164
160
175
177
159
163
186
167
169
148
171
158
167
164
159
176
181
161
166
158
180
158
147
158
160
159
172
182
159
173

- STEGHIDE -
18
21
20
15
8
10
15
12
15
9
16
15
28
31
10
12
9
21
18
10
15
6
11
13
20
8
20
14
36
8
12
34
23
16
17
21
14
12
9
12
12
13
18
16
20
17
13
15
21
14

=== VERIFICATION ===
 - OPENSTEGO -
45
45
47
56
41
48
48
46
51
43
54
47
44
57
56
58
45
47
45
64
48
53
51
54
53
45
50
62
53
43
53
45
47
42
60
47
40
53
44
50
44
45
45
42
57
48
49
53
59
46

 - STEGHIDE -
10
16
12
10
5
7
10
5
13
7
6
12
9
16
5
7
7
16
17
6
10
5
4
5
13
7
14
9
23
6
6
15
12
12
11
14
7
6
6
7
9
5
14
11
12
12
6
8
15
9

=== EXTRACTION ===
 - STEGCRACKER -
1663
1659
1662
1660
1663
1663
1660
1661
1657
1663
1659
1663
1656
1657
1664
1661
1660
1664
1658
1659
1663
1662
1661
1658
1662
1656
1659
1650
1652
1659
1659
1650
1652
1654
1660
1660
1663
1663
1659
1655
1657
1660
1657
1657
1660
1647
1660
1651
1653
1658

 - STEGSEEK -
49
58
48
47
46
46
48
47
49
47
45
47
50
57
46
46
46
53
49
46
49
46
47
47
13
47
50
48
65
45
47
58
49
48
49
54
48
51
47
48
48
47
52
51
49
50
46
47
56
49