NOTE: for each set of 50 datapoints, they correspond to the 50 images, in alphabetical order. They are arranged as such for the sake of consistency.


=== EMBEDDING ===
- OPENSTEGO - 
153
178
170
171
149
163
156
153
156
158
153
147
170
154
151
153
166
162
151
151
147
152
169
175
156
165
152
170
158
164
165
157
156
173
151
154
164
150
148
211
238
149
160
163
158
151
165
153
239
154

- STEGHIDE -
15
20
16
17
8
9
20
7
18
9
11
13
17
31
9
10
8
25
18
7
14
7
8
11
18
7
16
15
32
8
12
33
22
16
16
17
15
11
8
11
21
10
18
18
19
19
14
15
21
13

=== VERIFICATION ===
 - OPENSTEGO -
50
46
48
48
47
49
57
67
64
55
52
57
40
53
52
49
48
50
57
48
50
48
45
49
55
56
54
52
50
55
47
47
53
54
52
55
45
58
51
60
48
57
53
57
59
59
44
48
60
48

 - STEGHIDE -
10
19
13
10
4
8
11
5
10
6
4
10
7
16
5
6
8
16
12
7
13
4
4
7
13
5
11
7
22
6
5
17
15
11
12
13
8
6
6
12
9
5
13
12
13
11
6
6
16
10

=== EXTRACTION ===
 - STEGCRACKER -
1675
1668
1679
1647
1668
1655
1659
1670
1662
1673
1664
1669
1673
1658
1663
1675
1666
1686
1682
1675
1679
1665
1666
1657
1660
1662
1673
1662
1663
1666
1673
1664
1663
1671
1666
1662
1672
1671
1665
1664
1680
1658
1663
1667
1657
1673
1672
1669
1660
1658

 - STEGSEEK -
49
56
48
46
45
47
47
46
48
47
45
47
48
55
46
46
46
52
49
46
51
45
44
46
51
45
48
47
65
44
46
57
49
49
48
52
47
46
46
48
48
46
51
51
49
48
46
47
52
50