For context, this trial was taken prior to the implementation of image order randomization. As such, it was not used for the multi-way ANOVA testing.

NOTE: for each set of 50 datapoints, they correspond to the 50 images, in alphabetical order. They are arranged as such for the sake of consistency.


=== EMBEDDING ===
- OPENSTEGO - 
257
159
164
162
160
171
172
155
173
160
189
160
169
180
165
169
164
175
166
161
155
185
165
175
170
155
172
175
177
173
182
176
165
164
162
201
183
174
161
167
158
169
161
179
182
171
167
166
184
168

- STEGHIDE -
26
26
16
15
7
9
15
7
16
9
9
13
16
30
8
11
8
25
17
7
14
7
9
13
17
8
15
15
36
7
12
32
22
16
15
17
14
11
8
10
12
9
17
17
16
15
15
14
22
11

=== VERIFICATION ===
 - OPENSTEGO -
76
62
52
53
50
48
50
48
65
46
49
52
52
57
44
48
54
50
48
56
51
61
46
50
48
54
49
47
51
52
51
54
49
52
49
56
48
47
54
50
51
50
47
45
52
51
45
48
56
54

 - STEGHIDE -
21
22
15
11
6
8
12
5
11
7
4
10
8
17
7
5
7
16
13
5
11
4
4
6
14
5
12
7
25
4
7
15
12
13
12
15
6
6
6
6
9
5
12
12
12
11
6
7
17
9

=== EXTRACTION ===
 - STEGCRACKER -
1644
1644
1654
1646
1648
1649
1644
1650
1647
1648
1649
1639
1648
1655
1643
1643
1642
1653
1648
1647
1646
1643
1646
1682
1649
1643
1644
1649
1650
1646
1643
1652
1649
1648
1649
1647
1644
1649
1648
1646
1652
1648
1649
1650
1647
1646
1651
1647
1654
1646

 - STEGSEEK -
50
60
49
46
48
47
50
46
51
47
46
47
48
55
46
46
48
53
50
46
48
46
46
54
52
49
50
48
66
45
47
57
53
50
49
55
48
46
47
48
48
47
52
52
51
49
47
47
53
51